30,7
30,6
30,4
30,3
0,546
38,7
35,3
33,3
78,8
0,536
0,535
0,534
0,533
0,532
0,531
0,530
0,529
0,466
0,465
0,528
14,3
0,527
13,3
0,526
31,3
38,8
38,5
0,524
0,464
37,9
0,463
37,8
37,7
37,6
37,5
37,4
37,3
0,523
0,522
0,480
0,543
0,0
0,243
94,34
94,33
94,32
94,31
94,30
94,29
94,28
94,27
94,26
94,25
94,24
94,23
94,22
94,21
94,20
94,19
94,18
94,17
94,16
94,15
94,14
94,13
94,12
94,11
94,10
94,9
94,8
94,7
94,6
94,5
94,4
94,3
0,521
0,520
0,519
66,7
0,518
66,8
0,516
0,515
0,514
0,513
0,512
0,272
0,271
0,459
0,12
0,452
0,11
0,10
0,8
0,509
0,508
0,507
0,506
0,504
0,503
0,502
0,462
0,461
0,501
0,499
0,498
0,497
94,2
94,0
0,496
0,495
0,494
0,493
0,492
0,491
0,490
0,489
0,488
0,487
0,486
0,485
0,484
0,5
0,473
0,1
0,545
0,455
66,10
0,481
0,540
0,268
0,539
